0.0 0.0 2.940563263437264E-214 3.073454800124199E-306 0.0 0.0 0.0 0.0 0.0 0.0 0.0 2.005889792098077E-27 3.073454800124199E-306 0.0 0.0 0.0 0.0 0.0 0.0 1.956149886986809E-283 0.0 0.0 1.208270018794059E-144 0.0 0.0 0.0 1.455060032608714E-37 8.623876316829885E-6 0.0 0.0 3.388237783385807E-187 1.4002667675636845E-10 0.0 0.0 0.0 0.0 0.0 1.455060032608714E-37 0.0 2.940563263437264E-214 0.0 0.0 3.6616885522817287E-267 0.0 1.4547640544113014E-65 0.001547841062700897 0.001547841062700897 0.0 
0.0 0.0 0.0 0.0 0.0 0.0 0.0 0.0 0.0 0.0 0.0 8.224174619193244E-42 0.0 0.0 0.0 3.72510033024017E-115 0.0 0.0 0.0 3.539080411297176E-253 0.0 0.0 2.2791429291958238E-135 0.0 0.0 0.0 1.4525687425172196E-255 6.79367960621753E-232 0.0 0.0 9.739455028731077E-193 3.838089382490846E-9 0.0 0.0 0.0 0.0 0.0 1.4525687425172196E-255 0.0 0.0 3.72510033024017E-115 0.0 4.426347298187747E-59 0.0 2.3835809065858005E-35 2.8640069186528783E-9 2.8640069186528783E-9 0.0 
0.0 0.0 0.0 0.0 0.0 0.0 1.516296876845882E-100 0.0 0.0 0.0 0.0 0.033686237622312376 0.0 0.0 0.0 3.1429761626622366E-7 2.940563263437264E-214 0.0 3.6197382834890714E-29 0.0 8.360277728601387E-125 2.143567515838478E-211 0.0 0.0 4.5481084900356604E-60 1.9975306754537724E-160 0.0 0.0 0.0 0.0 0.0 5.206531050738761E-8 0.0 0.0 0.0 1.4300449036979835E-66 0.0 0.0 0.0 0.0 3.1429761626622366E-7 0.0 3.5913420015631914E-9 0.0 2.2018356370151403E-4 0.010301165231968223 0.010301165231968223 0.0 
0.0 0.0 0.0 0.0 0.0 0.0 1.4844905224237237E-177 0.0 0.0 0.0 0.0 5.3891591966781505E-6 0.0 0.0 0.0 0.0 3.0734548001245483E-306 0.0 8.836053046205242E-28 0.0 5.776265861165463E-109 2.4461172200241775E-304 0.0 0.0 0.0 8.763861633635328E-246 0.0 0.9332311397430986 0.0 0.0 0.0 0.4414548591845022 0.0 0.0 0.0 1.8597389174891048E-174 0.0 0.0 0.0 0.0 0.0 0.0 0.0022936740308695525 0.0 2.673899459976805E-4 0.2541428598187774 0.2541428598187774 0.0 
0.0 0.0 0.0 0.0 0.0 0.0 0.0 0.0 0.0 0.0 0.0 2.212878101082172E-5 0.0 0.0 0.0 0.0 0.0 0.0 1.7879947535921865E-263 0.0 0.0 0.0 0.0 0.0 9.912940163402058E-125 0.0 0.0 7.778033449962196E-4 0.0 0.0 0.0 0.0 0.0 0.0 0.0 0.0 0.0 0.0 0.0 0.0 0.0 0.0 0.0 0.0 2.357566889320955E-45 8.749652158837051E-4 8.749652158837051E-4 0.0 
0.0 0.0 0.0 0.0 0.0 0.0 0.0 0.0 0.0 0.0 0.0 0.0 0.0 0.0 0.0 0.0 0.0 0.0 0.0 0.0 0.0 0.0 0.0 0.0 0.0 0.0 0.0 2.8991259475885656E-4 0.0 0.0 0.0 0.0 0.0 0.0 0.0 0.0 0.0 0.0 0.0 0.0 0.0 0.0 0.0 0.0 5.023693636581922E-7 0.582041473710784 0.582041473710784 0.0 
0.0 0.0 0.0 0.0 0.0 0.0 0.0 0.0 0.0 0.0 0.0 2.0394676923801823E-21 1.4844905224238078E-177 0.0 0.0 0.0 0.0 0.0 0.0 3.723594359962469E-111 0.0 0.0 2.5542284902697825E-104 8.174925136558017E-292 2.3028158878644175E-236 0.0 7.567570038234031E-31 2.795774387097864E-232 0.0 0.0 3.3470175642289296E-85 2.6275894347398708E-120 0.0 1.9121363088152274E-266 0.0 0.0 0.0 7.567570038234031E-31 0.0 1.516296876845882E-100 0.0 0.0 6.770185307384308E-29 0.0 1.7782202522168588E-37 1.0109879934636426E-6 1.0109879934636426E-6 0.0 
0.0 0.0 0.0 0.0 0.0 0.0 0.0 0.0 0.0 0.0 0.0 2.212878101082172E-5 0.0 0.0 0.0 0.0 0.0 0.0 1.78799475359178E-263 0.0 0.0 0.0 0.0 0.0 9.912940163402058E-125 0.0 0.0 7.778033449962196E-4 0.0 0.0 0.0 0.0 0.0 0.0 0.0 0.0 0.0 0.0 0.0 0.0 0.0 0.0 0.0 0.0 2.3575668893209215E-45 8.749652158837051E-4 8.749652158837051E-4 0.0 
0.0 0.0 0.0 0.0 0.0 0.0 0.0 0.0 0.0 0.0 0.0 2.212878101082172E-5 0.0 0.0 0.0 0.0 0.0 0.0 1.7879947535921865E-263 0.0 0.0 0.0 0.0 0.0 9.912940163402058E-125 0.0 0.0 7.778033449962196E-4 0.0 0.0 0.0 0.0 0.0 0.0 0.0 0.0 0.0 0.0 0.0 0.0 0.0 0.0 0.0 0.0 2.357566889320955E-45 8.749652158837051E-4 8.749652158837051E-4 0.0 
0.0 0.0 0.0 0.0 0.0 0.0 0.0 0.0 0.0 0.0 0.0 0.0 0.0 0.0 0.0 0.0 0.0 0.0 0.0 0.0 0.0 0.0 0.0 0.0 0.0 0.0 0.0 0.04413013492816886 0.0 0.0 0.0 0.17404941218734216 0.0 0.0 0.0 0.0 0.0 0.0 0.0 0.0 0.0 0.0 0.0 0.0 6.726273372834542E-20 0.947415632625159 0.947415632625159 0.0 
0.0 0.0 0.0 0.0 0.0 0.0 0.0 0.0 0.0 0.0 0.0 0.0 0.0 0.0 0.0 0.0 0.0 0.0 0.0 0.0 0.0 0.0 0.0 0.0 0.0 0.0 0.0 0.00640630349094784 0.0 0.0 0.0 0.5296001232563212 0.0 0.0 0.0 0.0 0.0 0.0 0.0 0.0 0.0 0.0 0.0 0.0 3.0378268242487005E-21 0.7608661007720845 0.7608661007720845 0.0 
0.0 0.0 0.0 0.0 0.0 0.0 0.0 0.0 0.0 0.0 0.0 0.0 5.3891591966781505E-6 2.212878101082172E-5 0.0 0.9969756872858386 2.005889792098077E-27 2.212878101082172E-5 7.077167876416081E-19 0.0 8.085491349447474E-13 0.0 0.0 0.0 8.136242772671983E-9 2.4278100442707016E-21 0.048969288172808434 0.4668185606941613 0.0 0.0 0.0 0.5899601963467869 0.0 7.688973098329832E-6 0.0 1.3090957918314866E-28 0.0 0.048969288172808434 2.212878101082172E-5 0.033686237622312376 0.9969756872858386 2.2775031159738557E-4 0.30442019559549405 8.224174619193244E-42 0.046346607672235106 0.15364672972713855 0.15364672972713855 1.4718497116986996E-38 
0.0 0.0 0.0 0.0 0.0 0.0 0.0 0.0 0.0 0.0 0.0 0.0 0.0 0.0 0.0 0.0 3.0734548001245483E-306 0.0 8.836053046205242E-28 0.0 5.776265861165463E-109 2.4461172200241775E-304 0.0 0.0 0.0 8.763861633635328E-246 0.0 0.9332311397430986 0.0 0.0 0.0 0.4414548591845022 0.0 0.0 0.0 1.8597389174891048E-174 0.0 0.0 0.0 0.0 0.0 0.0 0.0022936740308695525 0.0 2.673899459976805E-4 0.2541428598187774 0.2541428598187774 0.0 
0.0 0.0 0.0 0.0 0.0 0.0 0.0 0.0 0.0 0.0 0.0 0.0 0.0 0.0 0.0 0.0 0.0 0.0 1.78799475359178E-263 0.0 0.0 0.0 0.0 0.0 9.912940163402058E-125 0.0 0.0 7.778033449962196E-4 0.0 0.0 0.0 0.0 0.0 0.0 0.0 0.0 0.0 0.0 0.0 0.0 0.0 0.0 0.0 0.0 2.3575668893209215E-45 8.749652158837051E-4 8.749652158837051E-4 0.0 
0.0 0.0 0.0 0.0 0.0 0.0 0.0 0.0 0.0 0.0 0.0 0.0 0.0 0.0 0.0 0.0 0.0 0.0 0.0 0.0 0.0 0.0 0.0 0.0 0.0 0.0 0.0 0.0 0.0 0.0 0.0 0.001215507613138711 0.0 0.0 0.0 0.0 0.0 0.0 0.0 0.0 0.0 0.0 0.0 0.0 9.737861524034069E-18 0.7038205469679119 0.7038205469679119 0.0 
0.0 0.0 0.0 0.0 0.0 0.0 0.0 0.0 0.0 0.0 0.0 0.0 0.0 0.0 0.0 0.0 0.0 0.0 3.376163194848051E-89 0.0 0.0 0.0 0.0 0.0 0.0 0.0 0.04138696799467745 0.008698422701465924 0.0 0.0 7.927530155016349E-5 4.0765355535654635E-9 0.0 0.0 0.0 1.5416587579907937E-134 0.0 0.04138696799467745 0.0 3.1429761626622366E-7 0.0 0.0 0.0 3.725100330240382E-115 1.4245084123654526E-33 0.07015369253735271 0.07015369253735271 0.0 
0.0 0.0 0.0 0.0 0.0 0.0 0.0 0.0 0.0 0.0 0.0 0.0 0.0 0.0 0.0 0.0 0.0 0.0 0.0 1.956149886986809E-283 0.0 0.0 1.208270018794059E-144 0.0 0.0 0.0 1.455060032608714E-37 8.623876316829885E-6 0.0 0.0 3.388237783385807E-187 1.4002667675636845E-10 0.0 0.0 0.0 0.0 0.0 1.455060032608714E-37 0.0 2.940563263437264E-214 0.0 0.0 3.6616885522817287E-267 0.0 1.4547640544113014E-65 0.001547841062700897 0.001547841062700897 0.0 
0.0 0.0 0.0 0.0 0.0 0.0 0.0 0.0 0.0 0.0 0.0 0.0 0.0 0.0 0.0 0.0 0.0 0.0 1.78799475359178E-263 0.0 0.0 0.0 0.0 0.0 9.912940163402058E-125 0.0 0.0 7.778033449962196E-4 0.0 0.0 0.0 0.0 0.0 0.0 0.0 0.0 0.0 0.0 0.0 0.0 0.0 0.0 0.0 0.0 2.3575668893209215E-45 8.749652158837051E-4 8.749652158837051E-4 0.0 
0.0 0.0 0.0 0.0 0.0 0.0 0.0 0.0 0.0 0.0 0.0 0.0 0.0 0.0 0.0 0.0 0.0 0.0 0.0 2.0190245958164762E-53 0.0 0.0 4.0247443042930485E-29 4.524044604612164E-100 4.211744765876752E-65 0.0 1.0919987937505547E-20 1.7528382939570954E-252 0.0 0.0 4.669113904144133E-52 0.0 0.0 1.641339795440062E-54 0.0 0.0 0.0 1.0919987937505547E-20 1.78799475359178E-263 3.6197382834891196E-29 3.376163194848051E-89 1.4868914004164463E-220 1.6850340029476005E-29 0.0 5.206319599099979E-28 1.232134635455906E-9 1.232134635455906E-9 0.0 
0.0 0.0 0.0 0.0 0.0 0.0 0.0 0.0 0.0 0.0 0.0 0.0 0.0 0.0 0.0 0.0 0.0 0.0 0.0 0.0 1.5821241770102607E-98 1.1157444912745544E-292 0.0 0.0 4.388457850805484E-201 4.015161567875513E-205 1.4825227212666992E-4 6.569180150399756E-4 0.0 0.0 0.0 0.16574569795911775 0.0 0.0 0.0 2.1076041654058715E-143 0.0 1.4825227212666992E-4 0.0 0.0 0.0 0.0 0.0 3.539080411296773E-253 3.708227317120735E-6 0.8976397475000539 0.8976397475000539 0.0 
0.0 0.0 0.0 0.0 0.0 0.0 0.0 0.0 0.0 0.0 0.0 0.0 0.0 0.0 0.0 0.0 0.0 0.0 0.0 0.0 0.0 0.0 1.625298739127522E-39 2.903570235924374E-202 0.0 0.0 4.4507770301202547E-166 0.0 0.0 0.0 2.1735286314377064E-93 0.0 0.0 5.1540607866559455E-213 0.0 0.0 0.0 4.4507770301202547E-166 0.0 8.360277728601387E-125 0.0 0.0 0.0 0.0 1.3591257615099578E-18 0.4451673666371076 0.4451673666371076 0.0 
0.0 0.0 0.0 0.0 0.0 0.0 0.0 0.0 0.0 0.0 0.0 0.0 0.0 0.0 0.0 0.0 0.0 0.0 0.0 0.0 0.0 0.0 2.9780509889302512E-154 0.0 0.0 0.0 4.881972925083844E-37 7.088895773908722E-5 0.0 0.0 3.2819827000563434E-211 2.4200187677064864E-9 0.0 0.0 0.0 0.0 0.0 4.881972925083844E-37 0.0 2.1435675158383563E-211 0.0 0.0 1.2652867409264234E-262 0.0 5.627396216814664E-63 0.0016835514840853139 0.0016835514840853139 0.0 
0.0 0.0 0.0 0.0 0.0 0.0 0.0 0.0 0.0 0.0 0.0 0.0 0.0 0.0 0.0 0.0 0.0 0.0 0.0 0.0 0.0 0.0 0.0 0.0 6.2861927657253164E-18 3.027013665687291E-128 1.9570746232810965E-4 0.033495930090215564 0.0 0.0 0.0 0.04609012871458573 0.0 0.0 0.0 2.2419769021733534E-126 0.0 1.9570746232810965E-4 0.0 0.0 0.0 0.0 0.17704737820602567 2.2791429291956942E-135 0.0034938929928075655 0.9335537090788206 0.9335537090788206 8.021098848553014E-155 
0.0 0.0 0.0 0.0 0.0 0.0 0.0 0.0 0.0 0.0 0.0 0.0 0.0 0.0 0.0 0.0 0.0 0.0 0.0 0.0 0.0 0.0 0.0 0.0 4.543613485412039E-114 0.0 0.0 0.2604307795287799 0.0 0.0 0.0 2.5930025911335974E-5 0.0 0.0 0.0 9.99865407301778E-307 0.0 0.0 0.0 0.0 0.0 0.0 6.378968973042021E-6 0.0 6.55956795444591E-8 0.16732634362377075 0.16732634362377075 0.0 
0.0 0.0 0.0 0.0 0.0 0.0 0.0 0.0 0.0 0.0 0.0 0.0 0.0 0.0 0.0 0.0 0.0 0.0 0.0 0.0 0.0 0.0 0.0 0.0 0.0 0.0 5.872663807590612E-12 0.01917949191143669 0.0 0.0 1.0285961897255376E-108 0.45560364779954443 0.0 0.0 0.0 6.131002672132871E-240 0.0 5.872663807590612E-12 9.912940163402058E-125 4.5481084900356604E-60 0.0 9.921234990406235E-107 1.244257374167282E-40 0.0 8.167013772181423E-4 0.41373450952995106 0.41373450952995106 0.0 
0.0 0.0 0.0 0.0 0.0 0.0 0.0 0.0 0.0 0.0 0.0 0.0 0.0 0.0 0.0 0.0 0.0 0.0 0.0 0.0 0.0 0.0 0.0 0.0 0.0 0.0 2.3167204800613125E-30 0.0031221637452227393 0.0 0.0 1.5258189518003877E-135 1.9288847146173924E-10 0.0 0.0 0.0 0.0 0.0 2.3167204800613125E-30 0.0 1.9975306754537724E-160 0.0 0.0 3.384114607476649E-194 0.0 6.549309821567029E-65 0.0037878063666882704 0.0037878063666882704 0.0 
0.0 0.0 0.0 0.0 0.0 0.0 0.0 0.0 0.0 0.0 0.0 0.0 0.0 0.0 0.0 0.0 0.0 0.0 0.0 0.0 0.0 0.0 0.0 0.0 0.0 0.0 0.0 0.0 0.0 0.0 0.027243952638265623 0.0 0.0 0.11240346246157695 0.0 3.1562063168594925E-23 0.0 0.0 0.0 0.0 0.04138696799467745 0.0 0.30340042078524165 1.4525687425170542E-255 0.0314410186633119 0.44696576287247736 0.44696576287247736 0.0 
0.0 0.0 0.0 0.0 0.0 0.0 0.0 0.0 0.0 0.0 0.0 0.0 0.0 0.0 0.0 0.0 0.0 0.0 0.0 0.0 0.0 0.0 0.0 0.0 0.0 0.0 0.0 0.0 0.04413013492816886 0.32408691671791146 0.14059834269572713 0.0 0.04413013492816886 0.0 0.04413013492816886 8.500222190506789E-21 0.04413013492816886 0.0 7.778033449962196E-4 0.0 0.008698422701465924 0.0 0.0 6.79367960621753E-232 0.017812857226732374 1.3056537628841625E-8 1.3056537628841625E-8 0.0 
0.0 0.0 0.0 0.0 0.0 0.0 0.0 0.0 0.0 0.0 0.0 0.0 0.0 0.0 0.0 0.0 0.0 0.0 0.0 0.0 0.0 0.0 0.0 0.0 0.0 0.0 0.0 0.0 0.0 0.0 0.0 0.17404941218734216 0.0 0.0 0.0 0.0 0.0 0.0 0.0 0.0 0.0 0.0 0.0 0.0 6.726273372834589E-20 0.947415632625159 0.947415632625159 0.0 
0.0 0.0 0.0 0.0 0.0 0.0 0.0 0.0 0.0 0.0 0.0 0.0 0.0 0.0 0.0 0.0 0.0 0.0 0.0 0.0 0.0 0.0 0.0 0.0 0.0 0.0 0.0 0.0 0.0 0.0 0.0 3.840888740476167E-4 0.0 0.0 0.0 0.0 0.0 0.0 0.0 0.0 0.0 0.0 0.0 0.0 6.79502706129524E-25 0.2423797129170936 0.2423797129170936 0.0 
0.0 0.0 0.0 0.0 0.0 0.0 0.0 0.0 0.0 0.0 0.0 0.0 0.0 0.0 0.0 0.0 0.0 0.0 0.0 0.0 0.0 0.0 0.0 0.0 0.0 0.0 0.0 0.0 0.0 0.0 0.0 0.5992204952153204 0.0 0.0 0.0 4.009701082191229E-108 0.0 0.027243952638265623 0.0 0.0 7.927530155016349E-5 0.0 2.8402073892763724E-7 9.739455028731077E-193 0.0041940024017505 0.7379206306224823 0.7379206306224823 4.687481595429859E-253 
0.0 0.0 0.0 0.0 0.0 0.0 0.0 0.0 0.0 0.0 0.0 0.0 0.0 0.0 0.0 0.0 0.0 0.0 0.0 0.0 0.0 0.0 0.0 0.0 0.0 0.0 0.0 0.0 0.0 0.0 0.0 0.0 0.17404941218734216 0.013427681345251075 0.17404941218734216 6.68296003438656E-46 0.17404941218734216 0.0 0.0 5.206531050738761E-8 4.0765355535654635E-9 0.0 0.0 3.838089382490833E-9 1.036392479330899E-5 0.0 0.0 7.858429949650228E-28 
0.0 0.0 0.0 0.0 0.0 0.0 0.0 0.0 0.0 0.0 0.0 0.0 0.0 0.0 0.0 0.0 0.0 0.0 0.0 0.0 0.0 0.0 0.0 0.0 0.0 0.0 0.0 0.0 0.0 0.0 0.0 0.0 0.0 0.0 0.0 0.0 0.0 0.0 0.0 0.0 0.0 0.0 0.0 0.0 6.726273372834589E-20 0.947415632625159 0.947415632625159 0.0 
0.0 0.0 0.0 0.0 0.0 0.0 0.0 0.0 0.0 0.0 0.0 0.0 0.0 0.0 0.0 0.0 0.0 0.0 0.0 0.0 0.0 0.0 0.0 0.0 0.0 0.0 0.0 0.0 0.0 0.0 0.0 0.0 0.0 0.0 0.0 4.88701467087302E-220 0.0 0.11240346246157695 0.0 0.0 0.0 0.0 2.6325284285810824E-8 0.0 4.3645653603830895E-6 0.5351234515872964 0.5351234515872964 0.0 
0.0 0.0 0.0 0.0 0.0 0.0 0.0 0.0 0.0 0.0 0.0 0.0 0.0 0.0 0.0 0.0 0.0 0.0 0.0 0.0 0.0 0.0 0.0 0.0 0.0 0.0 0.0 0.0 0.0 0.0 0.0 0.0 0.0 0.0 0.0 0.0 0.0 0.0 0.0 0.0 0.0 0.0 0.0 0.0 6.726273372834589E-20 0.947415632625159 0.947415632625159 0.0 
0.0 0.0 0.0 0.0 0.0 0.0 0.0 0.0 0.0 0.0 0.0 0.0 0.0 0.0 0.0 0.0 0.0 0.0 0.0 0.0 0.0 0.0 0.0 0.0 0.0 0.0 0.0 0.0 0.0 0.0 0.0 0.0 0.0 0.0 0.0 0.0 0.0 3.1562063168594925E-23 0.0 1.4300449036979835E-66 1.5416587579907937E-134 0.0 1.1020251389648202E-18 0.0 1.101288302732896E-11 0.0013071461757556818 0.0013071461757556818 0.0 
0.0 0.0 0.0 0.0 0.0 0.0 0.0 0.0 0.0 0.0 0.0 0.0 0.0 0.0 0.0 0.0 0.0 0.0 0.0 0.0 0.0 0.0 0.0 0.0 0.0 0.0 0.0 0.0 0.0 0.0 0.0 0.0 0.0 0.0 0.0 0.0 0.0 0.0 0.0 0.0 0.0 0.0 0.0 0.0 6.726273372834542E-20 0.947415632625159 0.947415632625159 0.0 
0.0 0.0 0.0 0.0 0.0 0.0 0.0 0.0 0.0 0.0 0.0 0.0 0.0 0.0 0.0 0.0 0.0 0.0 0.0 0.0 0.0 0.0 0.0 0.0 0.0 0.0 0.0 0.0 0.0 0.0 0.0 0.0 0.0 0.0 0.0 0.0 0.0 0.0 0.0 0.0 0.04138696799467745 0.0 0.30340042078524165 1.4525687425170542E-255 0.0314410186633119 0.44696576287247736 0.44696576287247736 0.0 
0.0 0.0 0.0 0.0 0.0 0.0 0.0 0.0 0.0 0.0 0.0 0.0 0.0 0.0 0.0 0.0 0.0 0.0 0.0 0.0 0.0 0.0 0.0 0.0 0.0 0.0 0.0 0.0 0.0 0.0 0.0 0.0 0.0 0.0 0.0 0.0 0.0 0.0 0.0 0.0 0.0 0.0 0.0 0.0 2.357566889320955E-45 8.749652158837051E-4 8.749652158837051E-4 0.0 
0.0 0.0 0.0 0.0 0.0 0.0 0.0 0.0 0.0 0.0 0.0 0.0 0.0 0.0 0.0 0.0 0.0 0.0 0.0 0.0 0.0 0.0 0.0 0.0 0.0 0.0 0.0 0.0 0.0 0.0 0.0 0.0 0.0 0.0 0.0 0.0 0.0 0.0 0.0 0.0 3.1429761626622366E-7 0.0 3.5913420015631914E-9 0.0 2.2018356370151403E-4 0.010301165231968223 0.010301165231968223 0.0 
0.0 0.0 0.0 0.0 0.0 0.0 0.0 0.0 0.0 0.0 0.0 0.0 0.0 0.0 0.0 0.0 0.0 0.0 0.0 0.0 0.0 0.0 0.0 0.0 0.0 0.0 0.0 0.0 0.0 0.0 0.0 0.0 0.0 0.0 0.0 0.0 0.0 0.0 0.0 0.0 0.0 0.0 0.0 3.725100330240382E-115 1.4245084123654526E-33 0.07015369253735271 0.07015369253735271 0.0 
0.0 0.0 0.0 0.0 0.0 0.0 0.0 0.0 0.0 0.0 0.0 0.0 0.0 0.0 0.0 0.0 0.0 0.0 0.0 0.0 0.0 0.0 0.0 0.0 0.0 0.0 0.0 0.0 0.0 0.0 0.0 0.0 0.0 0.0 0.0 0.0 0.0 0.0 0.0 0.0 0.0 0.0 0.0 0.0 2.7266826105872864E-41 4.1402712586835477E-4 4.1402712586835477E-4 0.0 
0.0 0.0 0.0 0.0 0.0 0.0 0.0 0.0 0.0 0.0 0.0 0.0 0.0 0.0 0.0 0.0 0.0 0.0 0.0 0.0 0.0 0.0 0.0 0.0 0.0 0.0 0.0 0.0 0.0 0.0 0.0 0.0 0.0 0.0 0.0 0.0 0.0 0.0 0.0 0.0 0.0 0.0 0.0 4.426347298187873E-59 3.774597021637208E-10 1.6585756488218806E-5 1.6585756488218806E-5 1.6398178071602332E-279 
0.0 0.0 0.0 0.0 0.0 0.0 0.0 0.0 0.0 0.0 0.0 0.0 0.0 0.0 0.0 0.0 0.0 0.0 0.0 0.0 0.0 0.0 0.0 0.0 0.0 0.0 0.0 0.0 0.0 0.0 0.0 0.0 0.0 0.0 0.0 0.0 0.0 0.0 0.0 0.0 0.0 0.0 0.0 0.0 2.3835809065858005E-35 2.8640069186528783E-9 2.8640069186528783E-9 0.0 
0.0 0.0 0.0 0.0 0.0 0.0 0.0 0.0 0.0 0.0 0.0 0.0 0.0 0.0 0.0 0.0 0.0 0.0 0.0 0.0 0.0 0.0 0.0 0.0 0.0 0.0 0.0 0.0 0.0 0.0 0.0 0.0 0.0 0.0 0.0 0.0 0.0 0.0 0.0 0.0 0.0 0.0 0.0 0.0 0.0 0.0 0.0 6.228895503299195E-80 
0.0 0.0 0.0 0.0 0.0 0.0 0.0 0.0 0.0 0.0 0.0 0.0 0.0 0.0 0.0 0.0 0.0 0.0 0.0 0.0 0.0 0.0 0.0 0.0 0.0 0.0 0.0 0.0 0.0 0.0 0.0 0.0 0.0 0.0 0.0 0.0 0.0 0.0 0.0 0.0 0.0 0.0 0.0 0.0 0.0 0.0 0.0 5.146936652964728E-12 
0.0 0.0 0.0 0.0 0.0 0.0 0.0 0.0 0.0 0.0 0.0 0.0 0.0 0.0 0.0 0.0 0.0 0.0 0.0 0.0 0.0 0.0 0.0 0.0 0.0 0.0 0.0 0.0 0.0 0.0 0.0 0.0 0.0 0.0 0.0 0.0 0.0 0.0 0.0 0.0 0.0 0.0 0.0 0.0 0.0 0.0 0.0 5.146936652964728E-12 
0.0 0.0 0.0 0.0 0.0 0.0 0.0 0.0 0.0 0.0 0.0 0.0 0.0 0.0 0.0 0.0 0.0 0.0 0.0 0.0 0.0 0.0 0.0 0.0 0.0 0.0 0.0 0.0 0.0 0.0 0.0 0.0 0.0 0.0 0.0 0.0 0.0 0.0 0.0 0.0 0.0 0.0 0.0 0.0 0.0 0.0 0.0 0.0 
